NET.STATION.LOCID.CMPNM MaxVel TimeOfMaxVel DIST AZ BAZ PeakVecVel EstimatedDuration.
EC.ISPG..HHZ 2.16085 17:13:31.930 30.2429 231.737 51.7482 3.52937 357.66
EC.ISPG..HHN 3.07581 17:13:17.940 30.2429 231.737 51.7482 3.52937 357.66
EC.ISPG..HHE 3.14108 17:13:23.610 30.2429 231.737 51.7482 3.52937 357.66
EC.ISPG..HNZ 16.4877 17:13:17.949 30.2429 231.737 51.7482 54.9614 446.35
EC.ISPG..HNN 50.2217 17:13:17.929 30.2429 231.737 51.7482 54.9614 446.35
EC.ISPG..HNE 24.5572 17:13:20.179 30.2429 231.737 51.7482 54.9614 446.35
EC.APLA..HNZ 1.70878 17:13:08.274 51.7841 290.361 110.381 6.72588 157.06
EC.APLA..HNN 6.64018 17:13:19.154 51.7841 290.361 110.381 6.72588 157.06
EC.APLA..HNE 3.92807 17:13:18.014 51.7841 290.361 110.381 6.72588 157.06
EC.ACH2..HNZ 4.05616 17:13:16.710 53.8449 162.482 342.474 10.7476 102.57
EC.ACH2..HNN 10.3635 17:13:16.000 53.8449 162.482 342.474 10.7476 102.57
EC.ACH2..HNE 7.3746 17:13:15.630 53.8449 162.482 342.474 10.7476 102.57
EC.ACH1..HNZ 4.6167 17:13:15.733 54.2161 174.629 354.626 61.5924 276.72
EC.ACH1..HNN 61.2519 17:13:16.963 54.2161 174.629 354.626 61.5924 276.72
EC.ACH1..HNE 40.1423 17:13:16.603 54.2161 174.629 354.626 61.5924 276.72
EC.GYKA..HNZ 3.80723 17:13:21.506 60.3316 8.50933 188.506 21.5073 304.13
EC.GYKA..HNN 20.2756 17:13:27.216 60.3316 8.50933 188.506 21.5073 304.13
EC.GYKA..HNE 19.3903 17:13:24.436 60.3316 8.50933 188.506 21.5073 304.13
EC.GYE1..HNZ 2.20852 17:13:18.349 60.8623 4.8248 184.823 10.3652 194.11
EC.GYE1..HNN 10.1491 17:13:21.829 60.8623 4.8248 184.823 10.3652 194.11
EC.GYE1..HNE 7.29985 17:13:20.089 60.8623 4.8248 184.823 10.3652 194.11
EC.GYC2..HNZ 7.04917 17:13:19.557 63.8692 3.97011 183.968 22.0713 369.08
EC.GYC2..HNN 20.9438 17:13:19.507 63.8692 3.97011 183.968 22.0713 369.08
EC.GYC2..HNE 19.4876 17:13:29.757 63.8692 3.97011 183.968 22.0713 369.08
EC.PCRA..HHZ 2.35052 17:13:19.474 67.8352 132.341 312.317 5.19165 108.75
EC.PCRA..HHN 4.83061 17:13:20.024 67.8352 132.341 312.317 5.19165 108.75
EC.PCRA..HHE 3.44314 17:13:19.174 67.8352 132.341 312.317 5.19165 108.75
EC.GYE3..HNZ 1.65811 17:13:20.068 71.5528 5.05908 185.057 3.99478 43.66
EC.GYE3..HNN 2.91683 17:13:16.798 71.5528 5.05908 185.057 3.99478 43.66
EC.GYE3..HNE 3.87059 17:13:20.568 71.5528 5.05908 185.057 3.99478 43.66
EC.AC07..HNZ 1.90904 17:13:21.577 71.6899 357.536 177.537 10.6127 175.3
EC.AC07..HNN 9.24153 17:13:18.997 71.6899 357.536 177.537 10.6127 175.3
EC.AC07..HNE 7.86061 17:13:24.297 71.6899 357.536 177.537 10.6127 175.3
EC.GYPL..HNZ 2.34072 17:13:22.071 75.4038 359.236 179.236 3.82848 171.9
EC.GYPL..HNN 3.80732 17:13:21.081 75.4038 359.236 179.236 3.82848 171.9
EC.GYPL..HNE 2.92973 17:13:20.781 75.4038 359.236 179.236 3.82848 171.9
EC.MILO..HHZ 2.4329 17:13:26.273 81.2296 33.2359 213.219 4.94627 343.87
EC.MILO..HHN 4.78839 17:13:25.533 81.2296 33.2359 213.219 4.94627 343.87
EC.MILO..HHE 4.34506 17:13:24.433 81.2296 33.2359 213.219 4.94627 343.87
EC.AGYE..HNZ 0.818674 17:13:09.788 82.3806 0.318789 180.319 1.86821 112.82
EC.AGYE..HNN 1.67009 17:13:21.748 82.3806 0.318789 180.319 1.86821 112.82
EC.AGYE..HNE 1.54136 17:13:20.258 82.3806 0.318789 180.319 1.86821 112.82
EC.AMIL..HNZ 2.38134 17:13:33.220 83.2942 34.78 214.761 6.01921 349.38
EC.AMIL..HNN 5.59469 17:13:33.880 83.2942 34.78 214.761 6.01921 349.38
EC.AMIL..HNE 5.60721 17:13:29.620 83.2942 34.78 214.761 6.01921 349.38
EC.ARNL..HHZ 3.7086 17:13:24.113 83.6832 188.481 8.48747 6.54593 140.2
EC.ARNL..HHN 4.80827 17:13:21.183 83.6832 188.481 8.48747 6.54593 140.2
EC.ARNL..HHE 4.71585 17:13:21.123 83.6832 188.481 8.48747 6.54593 140.2
EC.ARNL..HNZ 7.24407 17:13:22.933 83.6832 188.481 8.48747 15.867 100.13
EC.ARNL..HNN 15.7391 17:13:21.553 83.6832 188.481 8.48747 15.867 100.13
EC.ARNL..HNE 3.17384 17:13:21.233 83.6832 188.481 8.48747 15.867 100.13
EC.COHC..BLZ 3.15313 17:13:21.807 85.9724 64.6403 244.608 18.2435 98.74
EC.COHC..BLN 17.7727 17:13:20.917 85.9724 64.6403 244.608 18.2435 98.74
EC.COHC..BLE 11.7124 17:13:22.197 85.9724 64.6403 244.608 18.2435 98.74
EC.SUSE..HHZ 2.92109 17:13:27.933 104.895 129.818 309.778 5.41155 142.35
EC.SUSE..HHN 4.3306 17:13:25.043 104.895 129.818 309.778 5.41155 142.35
EC.SUSE..HHE 4.50709 17:13:25.143 104.895 129.818 309.778 5.41155 142.35
EC.ACUE..HNZ 4.89657 17:13:31.503 111.535 96.3158 276.266 13.2133 298.95
EC.ACUE..HNN 8.20157 17:13:28.323 111.535 96.3158 276.266 13.2133 298.95
EC.ACUE..HNE 13.1545 17:13:29.233 111.535 96.3158 276.266 13.2133 298.95
EC.SALI..HHZ 0.759372 17:13:50.875 133.609 300.462 120.508 1.5352 202.76
EC.SALI..HHN 1.25508 17:13:51.215 133.609 300.462 120.508 1.5352 202.76
EC.SALI..HHE 1.43761 17:13:56.305 133.609 300.462 120.508 1.5352 202.76
EC.SALI..HNZ 0.749928 17:13:50.875 133.609 300.462 120.508 1.51498 187.09
EC.SALI..HNN 1.22789 17:13:51.215 133.609 300.462 120.508 1.51498 187.09
EC.SALI..HNE 1.44981 17:13:56.335 133.609 300.462 120.508 1.51498 187.09
EC.LAMO..HHZ 1.5269 17:13:53.590 134.501 182.979 2.98268 1.69318 127.12
EC.LAMO..HHN 1.56516 17:13:50.300 134.501 182.979 2.98268 1.69318 127.12
EC.LAMO..HHE 1.10474 17:13:37.300 134.501 182.979 2.98268 1.69318 127.12
EC.ALAH..HNZ 1.42428 17:13:33.350 139.516 61.9815 241.933 3.78758 123.71
EC.ALAH..HNN 2.98926 17:13:31.440 139.516 61.9815 241.933 3.78758 123.71
EC.ALAH..HNE 3.62888 17:13:32.340 139.516 61.9815 241.933 3.78758 123.71
EC.ALAU..HHZ 2.08994 17:13:38.050 142.02 60.2248 240.177 4.88178 147.4
EC.ALAU..HHN 4.60557 17:13:31.850 142.02 60.2248 240.177 4.88178 147.4
EC.ALAU..HHE 3.97504 17:13:45.110 142.02 60.2248 240.177 4.88178 147.4
EC.ALJ1..HNZ 1.82667 17:13:45.925 156.109 147.409 327.365 5.15552 174.19
EC.ALJ1..HNN 3.5097 17:13:39.385 156.109 147.409 327.365 5.15552 174.19
EC.ALJ1..HNE 4.87598 17:13:43.835 156.109 147.409 327.365 5.15552 174.19
EC.JSCH..HHZ 0.905013 17:13:35.872 161.675 42.3049 222.266 3.26917 112.01
EC.JSCH..HHN 2.70353 17:13:39.442 161.675 42.3049 222.266 3.26917 112.01
EC.JSCH..HHE 2.46548 17:13:35.512 161.675 42.3049 222.266 3.26917 112.01
EC.BOSC..HHZ 1.2567 17:13:40.275 166.996 103.512 283.436 1.80703 105.19
EC.BOSC..HHN 1.28045 17:13:41.095 166.996 103.512 283.436 1.80703 105.19
EC.BOSC..HHE 1.6542 17:13:42.065 166.996 103.512 283.436 1.80703 105.19
EC.AMCR..HNZ 0.962953 17:13:41.361 173.653 179.944 359.944 2.0217 89.54
EC.AMCR..HNN 1.40723 17:13:41.501 173.653 179.944 359.944 2.0217 89.54
EC.AMCR..HNE 1.53563 17:13:40.131 173.653 179.944 359.944 2.0217 89.54
EC.MCRA..BLZ 1.01307 17:13:44.934 173.653 179.944 359.944 2.09917 89.79
EC.MCRA..BLN 1.35607 17:13:41.654 173.653 179.944 359.944 2.09917 89.79
EC.MCRA..BLE 1.77489 17:13:40.134 173.653 179.944 359.944 2.09917 89.79
EC.AMCA..HNZ 1.89183 17:13:44.598 174.778 179.527 359.526 2.61717 96.57
EC.AMCA..HNN 1.90103 17:13:41.868 174.778 179.527 359.526 2.61717 96.57
EC.AMCA..HNE 2.30857 17:13:43.188 174.778 179.527 359.526 2.61717 96.57
EC.CHSH..HHZ 0.916688 17:13:49.235 188.274 39.9633 219.923 3.66478 123.79
EC.CHSH..HHN 3.13757 17:13:44.215 188.274 39.9633 219.923 3.66478 123.79
EC.CHSH..HHE 3.31336 17:13:44.435 188.274 39.9633 219.923 3.66478 123.79
EC.TAMH..HHZ 1.18518 17:13:46.593 189.439 43.1839 223.14 3.16718 164.97
EC.TAMH..HHN 3.1154 17:13:44.423 189.439 43.1839 223.14 3.16718 164.97
EC.TAMH..HHE 2.917 17:13:45.733 189.439 43.1839 223.14 3.16718 164.97
EC.SAGA..HHZ 1.15371 17:13:45.693 194.678 64.8917 244.825 3.43116 131.5
EC.SAGA..HHN 2.93154 17:13:49.393 194.678 64.8917 244.825 3.43116 131.5
EC.SAGA..HHE 2.44146 17:13:48.213 194.678 64.8917 244.825 3.43116 131.5
EC.PORT..HHZ 0.625237 17:13:47.331 197.83 41.7147 221.671 1.26746 162.2
EC.PORT..HHN 1.14266 17:13:53.701 197.83 41.7147 221.671 1.26746 162.2
EC.PORT..HHE 0.958455 17:13:51.441 197.83 41.7147 221.671 1.26746 162.2
EC.APO2..HNZ 1.27046 17:14:35.877 199.875 343.825 163.842 2.28371 293.33
EC.APO2..HNN 1.78944 17:13:54.997 199.875 343.825 163.842 2.28371 293.33
EC.APO2..HNE 2.26807 17:14:00.987 199.875 343.825 163.842 2.28371 293.33
EC.CAB1..HHZ 0.146162 17:14:10.348 271.933 348.838 168.851 0.410022 62.43
EC.CAB1..HHN 0.284912 17:14:11.218 271.933 348.838 168.851 0.410022 62.43
EC.CAB1..HHE 0.403236 17:14:09.298 271.933 348.838 168.851 0.410022 62.43
EC.CAB1..HNZ 0.685636 17:14:17.478 271.933 348.838 168.851 2.02823 242.64
EC.CAB1..HNN 1.96532 17:14:13.198 271.933 348.838 168.851 2.02823 242.64
EC.CAB1..HNE 1.00644 17:14:10.318 271.933 348.838 168.851 2.02823 242.64
